012120201210021102
012201120210102021
012201211002012201
012210102201201102
012210102201210012
012210120021201102
012210120021210012
012210201102102201
012210201102120021
012210210012102201
012210210012120021
021102122001021102
021102210120201012
021120102201201102
021120102201210012
021120120021201102
021120120021210012
021120201102102201
021120201102120021
021120210012102201
021120210012120021
021210102120012201
102021210201120012
102201012210201102
102201012210210012
102201021120201102
102201021120210012
102201201102012210
102201201102021120
102201210012012210
102201210012021120
102210021201012120
102210200112102210
120012022110120012
120012201021210102
120021012210201102
120021012210210012
120021021120201102
120021021120210012
120021201102012210
120021201102021120
120021210012012210
120021210012021120
120201012021102210
201012120102210021
201102012210102201
201102012210120021
201102021120102201
201102021120120021
201102102201012210
201102102201021120
201102120021012210
201102120021021120
201120012102021210
201120100221201120
210012012210102201
210012012210120021
210012021120102201
210012021120120021
210012102201012210
210012102201021120
210012120021012210
210012120021021120
210021011220210021
210021102012120201
210102021012201120
